697697729526366229 1 
387657761724432405 1 
715590520763580486 2 
692875742257610772 80 
385310385315643392 9 
540946073124995072 6 
537360909589413888 17 
516767345683857429 2 
848590602329260072 8 
166227508658700288 47 
761754342998147072 4 
759793400232017920 3 
977961165659451452 1 
722605240024563762 2 
617541280154517641 1 
682320189706076168 16 
706535628069666828 1 
553430389352300570 1 
594176524895256576 4 
411618398435409940 24 
695276427737563237 3 
1030791291707068427 2 
720988723101040641 3 
572074372483776512 1 
577622737351082015 1 
995049214532927638 4 
1076744563852591115 1 
1019347525586669639 1 
633188995618308117 5 
839547163821867050 1 
634142105911951367 1 
511239252831502337 1 
848798642118328321 1 
299632232396488704 69 
902677361676390460 1 
296879028621541376 65 
587476152872992769 1 
673597930489512005 1 
722214231579295745 1 
